# Values[ATP/ADP ratio]	Values[GAPDH/(GAPDH +PGK)]	Values[GAPN/(GAPDH +PGK)]	
1.79351	-0.00375721	1.00376	
11.1765	-0.555718	1.55572	
1.49772	-0.00197485	1.00197	
1.89385	-0.00439707	1.0044	
0.490247	0.00315648	0.996844	
0.279772	0.00408403	0.995916	
0.337183	0.00383506	0.996165	
0.286772	0.00405383	0.995946	
0.3478	0.00378869	0.996211	
8.63656	-0.275735	1.27574	
2.37653	-0.00776291	1.00776	
3.44954	-0.0175581	1.01756	
0.306381	0.003969	0.996031	
0.966824	0.000887805	0.999112	
0.309425	0.0039558	0.996044	
0.991138	0.000765027	0.999235	
0.402068	0.00355009	0.99645	
0.965714	0.000893392	0.999107	
0.335197	0.00384372	0.996156	
0.279017	0.00408729	0.995913	
0.283104	0.00406966	0.99593	
1.63946	-0.00281035	1.00281	
0.521695	0.00301427	0.996986	
0.504917	0.00309026	0.99691	
0.949869	0.000972989	0.999027	
3.41956	-0.0172273	1.01723	
0.643949	0.00245192	0.997548	
0.429728	0.00342742	0.996573	
0.506865	0.00308146	0.996919	
1.15587	-8.67631e-05	1.00009	
0.357512	0.00374619	0.996254	
1.9619	-0.00484188	1.00484	
0.378697	0.00365318	0.996347	
8.3531	-0.246849	1.24685	
0.28464	0.00406304	0.995937	
0.293899	0.00402304	0.995977	
0.282511	0.00407222	0.995928	
10.3625	-0.463778	1.46378	
1.53125	-0.00216955	1.00217	
6.74417	-0.111979	1.11198	
1.05673	0.000430064	0.99957	
0.500978	0.00310806	0.996892	
0.421815	0.00346259	0.996537	
0.300615	0.00399398	0.996006	
0.456946	0.003306	0.996694	
0.32426	0.00389136	0.996109	
1.69492	-0.00314649	1.00315	
0.500007	0.00311245	0.996888	
0.347732	0.00378899	0.996211	
0.571735	0.00278596	0.997214	
0.612824	0.00259656	0.997403	
0.391239	0.00359792	0.996402	
0.410876	0.00351111	0.996489	
0.897483	0.00123396	0.998766	
0.309581	0.00395513	0.996045	
1.53077	-0.00216674	1.00217	
0.362236	0.00372549	0.996275	
0.275276	0.00410341	0.995897	
0.870663	0.0013663	0.998634	
7.7584	-0.190036	1.19004	
0.337537	0.00383352	0.996166	
0.458157	0.00330059	0.996699	
0.967674	0.000883524	0.999116	
2.93076	-0.0123454	1.01235	
1.22986	-0.000481094	1.00048	
0.590586	0.00269928	0.997301	
4.64357	-0.0350026	1.035	
4.64357	-0.0350026	1.035	
0.459492	0.00329461	0.996705	
2.32776	-0.00739915	1.0074	
0.397826	0.00356884	0.996431	
9.02455	-0.316562	1.31656	
0.772746	0.00184227	0.998158	
5.14312	-0.045969	1.04597	
0.331721	0.00385887	0.996141	
0.484804	0.003181	0.996819	
6.69103	-0.108716	1.10872	
0.505061	0.00308961	0.99691	
11.7692	-0.623175	1.62318	
0.382313	0.00363726	0.996363	
1.87854	-0.00429818	1.0043	
9.3154	-0.34789	1.34789	
0.606209	0.00262717	0.997373	
0.486967	0.00317126	0.996829	
0.814669	0.00163984	0.99836	
0.311575	0.00394647	0.996054	
0.352945	0.00376619	0.996234	
0.434401	0.00340663	0.996593	
1.47675	-0.00185396	1.00185	
0.865541	0.00139147	0.998609	
0.283557	0.00406771	0.995932	
10.7015	-0.501935	1.50194	
1.3783	-0.00129568	1.0013	
0.784663	0.00178493	0.998215	
9.67551	-0.387301	1.3873	
2.72729	-0.0105602	1.01056	
0.358298	0.00374275	0.996257	
0.494846	0.00313574	0.996864	
0.358371	0.00374243	0.996258	
0.571045	0.00278912	0.997211	
0.787874	0.00176945	0.998231	
4.15975	-0.026761	1.02676	
1.35776	-0.001181	1.00118	
1.11635	0.000120822	0.999879	
3.46862	-0.0177706	1.01777	
6.31205	-0.0878937	1.08789	
0.404939	0.00353739	0.996463	
3.32725	-0.0162333	1.01623	
9.10224	-0.324878	1.32488	
10.176	-0.442887	1.44289	
0.991619	0.000762591	0.999237	
0.367648	0.00370174	0.996298	
4.6288	-0.0347204	1.03472	
0.330045	0.00386617	0.996134	
0.310204	0.00395242	0.996048	
0.502237	0.00310238	0.996898	
0.296153	0.00401329	0.995987	
0.297453	0.00400767	0.995992	
2.14977	-0.00611864	1.00612	
1.60742	-0.00261863	1.00262	
0.275078	0.00410426	0.995896	
9.66211	-0.385824	1.38582	
1.12272	8.74945e-05	0.999913	
0.306447	0.00396871	0.996031	
0.773292	0.00183965	0.99816	
7.5307	-0.170116	1.17012	
8.68724	-0.280992	1.28099	
1.52389	-0.00212664	1.00213	
0.330522	0.00386409	0.996136	
1.00959	0.000671337	0.999329	
7.13501	-0.138627	1.13863	
0.285018	0.0040614	0.995939	
0.372302	0.0036813	0.996319	
0.317013	0.00392286	0.996077	
8.52606	-0.264365	1.26436	
9.16263	-0.33137	1.33137	
0.366157	0.00370829	0.996292	
0.475956	0.00322078	0.996779	
0.385767	0.00362205	0.996378	
0.483746	0.00318576	0.996814	
0.453615	0.0033209	0.996679	
0.836609	0.00153309	0.998467	
0.531083	0.00297163	0.997028	
0.276355	0.00409876	0.995901	
4.67641	-0.0356376	1.03564	
1.09766	0.000218297	0.999782	
0.293807	0.00402344	0.995977	
2.3758	-0.00775742	1.00776	
0.444712	0.00336067	0.996639	
0.37958	0.0036493	0.996351	
0.316305	0.00392594	0.996074	
0.577406	0.00275992	0.99724	
0.59152	0.00269498	0.997305	
4.44229	-0.0313342	1.03133	
0.278748	0.00408845	0.995912	
1.73	-0.00336179	1.00336	
0.349016	0.00378337	0.996217	
1.63927	-0.00280925	1.00281	
0.420004	0.00347063	0.996529	
0.288148	0.00404789	0.995952	
0.497675	0.00312298	0.996877	
1.11358	0.000135297	0.999865	
0.725611	0.0020675	0.997933	
10.0158	-0.425014	1.42501	
2.05917	-0.0054938	1.00549	
0.584534	0.00272714	0.997273	
0.324646	0.00388968	0.99611	
7.31412	-0.152351	1.15235	
0.571689	0.00278617	0.997214	
9.46504	-0.364194	1.36419	
0.628127	0.00252557	0.997474	
5.4757	-0.0551481	1.05515	
0.326953	0.00387964	0.99612	
0.282601	0.00407183	0.995928	
0.45605	0.00331001	0.99669	
0.307892	0.00396245	0.996038	
1.1789	-0.000208687	1.00021	
0.449148	0.00334087	0.996659	
3.02004	-0.013171	1.01317	
0.837345	0.0015295	0.998471	
0.428909	0.00343107	0.996569	
9.12315	-0.327123	1.32712	
0.590635	0.00269906	0.997301	
0.345258	0.0037998	0.9962	
10.9063	-0.525086	1.52509	
0.297241	0.00400859	0.995991	
7.39538	-0.158871	1.15887	
10.4436	-0.472885	1.47288	
0.629295	0.00252014	0.99748	
0.592359	0.00269111	0.997309	
0.957887	0.000932749	0.999067	
0.511745	0.00305938	0.996941	
10.9198	-0.526613	1.52661	
0.520146	0.0030213	0.996979	
0.413633	0.00349889	0.996501	
1.37243	-0.00126282	1.00126	
0.456388	0.0033085	0.996691	
0.541062	0.00292621	0.997074	
7.33498	-0.154008	1.15401	
0.747401	0.00196369	0.998036	
0.287173	0.0040521	0.995948	
0.438064	0.00339031	0.99661	
1.70772	-0.00322478	1.00322	
1.89554	-0.004408	1.00441	
0.388942	0.00360805	0.996392	
1.13479	2.42484e-05	0.999976	
6.80971	-0.116124	1.11612	
0.354774	0.00375818	0.996242	
0.419494	0.00347289	0.996527	
0.557614	0.00285064	0.997149	
0.692354	0.00222493	0.997775	
0.325638	0.00388536	0.996115	
0.81954	0.00161619	0.998384	
0.553808	0.00286804	0.997132	
11.612	-0.605261	1.60526	
0.804508	0.00168909	0.998311	
0.942541	0.00100969	0.99899	
6.64863	-0.106173	1.10617	
0.403602	0.00354331	0.996457	
5.3636	-0.051857	1.05186	
0.599356	0.00265883	0.997341	
4.56811	-0.0335834	1.03358	
1.25951	-0.000641297	1.00064	
1.97642	-0.00493801	1.00494	
0.32869	0.00387207	0.996128	
11.0365	-0.539833	1.53983	
0.331962	0.00385782	0.996142	
7.72362	-0.186918	1.18692	
0.310435	0.00395142	0.996049	
0.981956	0.000811481	0.999189	
4.69118	-0.0359269	1.03593	
10.3637	-0.463911	1.46391	
1.64812	-0.0028625	1.00286	
1.35521	-0.00116686	1.00117	
0.342828	0.00381042	0.99619	
9.24016	-0.339736	1.33974	
0.401237	0.00355376	0.996446	
0.279265	0.00408622	0.995914	
0.730414	0.00204466	0.997955	
7.0194	-0.130264	1.13026	
0.744159	0.00197916	0.998021	
0.55063	0.00288256	0.997117	
0.482086	0.00319322	0.996807	
0.446672	0.00335192	0.996648	
1.14628	-3.62121e-05	1.00004	
0.822756	0.00160056	0.998399	
0.281607	0.00407612	0.995924	
0.456285	0.00330896	0.996691	
0.939444	0.00102519	0.998975	
0.275062	0.00410433	0.995896	
0.380303	0.00364611	0.996354	
0.512317	0.00305678	0.996943	
0.31603	0.00392713	0.996073	
8.58846	-0.27077	1.27077	
10.776	-0.510351	1.51035	
0.293321	0.00402554	0.995974	
1.95113	-0.00477091	1.00477	
1.79787	-0.00378464	1.00378	
4.27904	-0.0286162	1.02862	
1.36724	-0.00123388	1.00123	
0.414746	0.00349395	0.996506	
0.578771	0.00275365	0.997246	
0.416268	0.00348721	0.996513	
0.388899	0.00360824	0.996392	
0.638081	0.00247927	0.997521	
0.468444	0.0032545	0.996746	
0.816863	0.00162919	0.998371	
0.307304	0.003965	0.996035	
0.763019	0.00188895	0.998111	
0.356245	0.00375174	0.996248	
0.991825	0.000761547	0.999238	
7.43711	-0.162289	1.16229	
5.46513	-0.0548286	1.05483	
9.00782	-0.314777	1.31478	
6.00693	-0.0740538	1.07405	
3.43712	-0.0174205	1.01742	
0.27511	0.00410412	0.995896	
0.401635	0.003552	0.996448	
1.28795	-0.000796106	1.0008	
11.0358	-0.539759	1.53976	
1.37975	-0.00130376	1.0013	
0.343002	0.00380966	0.99619	
0.756614	0.00191963	0.99808	
0.484406	0.00318278	0.996817	
0.561695	0.00283197	0.997168	
0.411007	0.00351053	0.996489	
1.16533	-0.000136779	1.00014	
0.333886	0.00384943	0.996151	
0.94161	0.00101435	0.998986	
0.43359	0.00341024	0.99659	
0.415634	0.00349002	0.99651	
0.302315	0.00398662	0.996013	
0.761998	0.00189385	0.998106	
0.365176	0.00371259	0.996287	
0.295813	0.00401476	0.995985	
8.92223	-0.305674	1.30567	
0.278935	0.00408764	0.995912	
0.632769	0.00250399	0.997496	
10.4514	-0.473762	1.47376	
0.556413	0.00285614	0.997144	
0.322503	0.003899	0.996101	
10.2269	-0.448585	1.44859	
7.74239	-0.188597	1.1886	
0.999443	0.000722916	0.999277	
5.09515	-0.0447818	1.04478	
0.307051	0.00396609	0.996034	
1.29803	-0.000851209	1.00085	
1.67273	-0.00301137	1.00301	
0.292969	0.00402706	0.995973	
1.88784	-0.0043582	1.00436	
0.536543	0.00294679	0.997053	
0.486649	0.00317269	0.996827	
0.312744	0.0039414	0.996059	
1.16865	-0.000154328	1.00015	
0.856398	0.00143633	0.998564	
10.3105	-0.45795	1.45795	
1.1716	-0.000169967	1.00017	
8.19208	-0.230893	1.23089	
0.431834	0.00341805	0.996582	
0.301043	0.00399213	0.996008	
4.43172	-0.0311514	1.03115	
0.398385	0.00356637	0.996434	
3.25822	-0.0155135	1.01551	
0.8482	0.00147647	0.998524	
10.0463	-0.428411	1.42841	
0.285875	0.00405771	0.995942	
1.0619	0.00040345	0.999597	
1.22203	-0.000439036	1.00044	
1.76437	-0.00357489	1.00357	
0.32993	0.00386668	0.996133	
0.308657	0.00395913	0.996041	
1.01647	0.000636299	0.999364	
0.28599	0.00405721	0.995943	
0.759965	0.00190359	0.998096	
1.95676	-0.00480797	1.00481	
0.401851	0.00355105	0.996449	
0.481056	0.00319786	0.996802	
1.16505	-0.00013528	1.00014	
0.297023	0.00400953	0.99599	
1.2287	-0.000474888	1.00047	
0.301806	0.00398882	0.996011	
0.749802	0.00195222	0.998048	
0.839465	0.00151916	0.998481	
8.06633	-0.218703	1.2187	
1.01352	0.000651328	0.999349	
0.337263	0.00383471	0.996165	
0.850729	0.0014641	0.998536	
0.488862	0.00316272	0.996837	
1.60355	-0.00259555	1.0026	
0.331846	0.00385833	0.996142	
1.04747	0.00047772	0.999522	
0.276717	0.0040972	0.995903	
6.46289	-0.0956756	1.09568	
7.89852	-0.202857	1.20286	
0.366734	0.00370575	0.996294	
0.497152	0.00312534	0.996875	
6.1179	-0.0788069	1.07881	
0.289514	0.00404199	0.995958	
0.348244	0.00378675	0.996213	
8.94221	-0.307794	1.30779	
0.814995	0.00163825	0.998362	
0.279017	0.00408729	0.995913	
2.48874	-0.0086222	1.00862	
2.97861	-0.0127845	1.01278	
0.380998	0.00364305	0.996357	
0.578323	0.00275571	0.997244	
0.287657	0.00405001	0.99595	
0.29754	0.00400729	0.995993	
0.896525	0.0012387	0.998761	
4.04417	-0.0250594	1.02506	
9.67659	-0.38742	1.38742	
0.429389	0.00342893	0.996571	
1.80842	-0.00385113	1.00385	
6.66608	-0.107213	1.10721	
2.81411	-0.0113062	1.01131	
9.13513	-0.32841	1.32841	
1.20083	-0.000325521	1.00033	
0.587751	0.00271234	0.997288	
0.336591	0.00383764	0.996162	
0.587946	0.00271144	0.997289	
6.31084	-0.0878341	1.08783	
2.64787	-0.00989736	1.0099	
0.501438	0.00310599	0.996894	
0.422859	0.00345795	0.996542	
9.69271	-0.389197	1.3892	
0.57757	0.00275916	0.997241	
1.45371	-0.00172198	1.00172	
0.542716	0.00291867	0.997081	
9.90237	-0.4124	1.4124	
0.8545	0.00144563	0.998554	
0.380619	0.00364472	0.996355	
0.502255	0.0031023	0.996898	
0.305502	0.00397281	0.996027	
0.514248	0.00304804	0.996952	
0.555868	0.00285863	0.997141	
5.57644	-0.0582941	1.05829	
5.57791	-0.0583416	1.05834	
0.733009	0.00203231	0.997968	
0.30648	0.00396857	0.996031	
1.95164	-0.00477427	1.00477	
1.02623	0.000586492	0.999414	
0.741716	0.00199082	0.998009	
0.302715	0.00398489	0.996015	
0.296339	0.00401249	0.995988	
0.297778	0.00400626	0.995994	
0.311788	0.00394555	0.996054	
0.44902	0.00334144	0.996659	
0.344897	0.00380138	0.996199	
0.457138	0.00330515	0.996695	
6.18805	-0.0819735	1.08197	
0.29022	0.00403894	0.995961	
1.83033	-0.00398985	1.00399	
0.289728	0.00404107	0.995959	
0.422998	0.00345733	0.996543	
0.426599	0.00344133	0.996559	
0.345907	0.00379697	0.996203	
11.2976	-0.569478	1.56948	
0.375199	0.00366856	0.996331	
0.999304	0.000723625	0.999276	
1.6197	-0.00269189	1.00269	
0.440937	0.00337751	0.996622	
0.486566	0.00317306	0.996827	
0.305364	0.00397341	0.996027	
2.11373	-0.005868	1.00587	
0.411329	0.0035091	0.996491	
9.85707	-0.407374	1.40737	
0.275346	0.00410311	0.995897	
0.326795	0.00388033	0.99612	
0.922762	0.00110844	0.998892	
0.45564	0.00331185	0.996688	
0.465998	0.00326547	0.996735	
0.411891	0.00350661	0.996493	
0.357026	0.00374832	0.996252	
11.7099	-0.61642	1.61642	
0.322261	0.00390005	0.9961	
0.547614	0.00289633	0.997104	
1.66836	-0.00298485	1.00298	
1.89772	-0.00442209	1.00442	
3.41374	-0.0171635	1.01716	
0.300264	0.0039955	0.996005	
0.311754	0.0039457	0.996054	
0.447433	0.00334852	0.996651	
0.304014	0.00397926	0.996021	
0.539766	0.00293211	0.997068	
0.8806	0.00131736	0.998683	
0.32276	0.00389788	0.996102	
0.801072	0.00170572	0.998294	
0.378819	0.00365264	0.996347	
0.593571	0.00268552	0.997314	
0.353447	0.00376399	0.996236	
0.570334	0.00279238	0.997208	
1.65369	-0.00289613	1.0029	
0.376975	0.00366075	0.996339	
7.07951	-0.134562	1.13456	
0.286575	0.00405469	0.995945	
9.95132	-0.417838	1.41784	
0.350033	0.00377893	0.996221	
0.402673	0.00354741	0.996453	
0.326426	0.00388193	0.996118	
0.360183	0.00373449	0.996266	
0.567055	0.00280742	0.997193	
1.39677	-0.00139927	1.0014	
0.275501	0.00410244	0.995898	
0.574789	0.00277194	0.997228	
1.64019	-0.00281476	1.00281	
0.856552	0.00143558	0.998564	
0.745718	0.00197172	0.998028	
0.327112	0.00387895	0.996121	
