# Values[KATPase].InitialValue	Values[ATP consumption flux/ Pyruvate flux ]	Values[ATP/ADP ratio]	
0.0637672	1.99989	2.59206	
0.084181	1.99992	1.21414	
0.0672905	1.9999	2.16974	
0.0753996	1.99991	1.57555	
0.0734675	1.99991	1.68575	
0.0875019	1.99992	1.1171	
0.0670453	1.9999	2.19469	
0.0712952	1.9999	1.82948	
0.0763539	1.99991	1.52624	
0.0581456	1.99986	3.74082	
0.0664596	1.99989	2.25661	
0.0769888	1.99991	1.49509	
0.0669229	1.9999	2.20735	
0.070203	1.9999	1.91132	
0.0817816	1.99992	1.2954	
0.0597418	1.99987	3.32557	
0.0853417	1.99992	1.17837	
0.0867838	1.99992	1.13675	
0.0638352	1.99989	2.58239	
0.063535	1.99989	2.62562	
0.0787195	1.99991	1.41629	
0.0729106	1.99991	1.72042	
0.0729041	1.99991	1.72084	
0.0685005	1.9999	2.05443	
0.0804573	1.99992	1.34506	
0.0603174	1.99987	3.19694	
0.0620722	1.99988	2.85843	
0.0594916	1.99987	3.38468	
0.0689824	1.9999	2.01182	
0.072961	1.99991	1.71723	
0.0702569	1.9999	1.90711	
0.0614896	1.99988	2.96277	
0.0816285	1.99992	1.30095	
0.0634605	1.99989	2.63658	
0.0745758	1.99991	1.62074	
0.0847117	1.99992	1.19752	
0.0804104	1.99992	1.34689	
0.0661439	1.99989	2.29145	
0.0607026	1.99987	3.11612	
0.0637712	1.99989	2.59149	
0.0885538	1.99992	1.08951	
0.0724076	1.99991	1.75297	
0.073391	1.99991	1.69044	
0.05941	1.99987	3.40438	
0.0865039	1.99992	1.1446	
0.0723874	1.99991	1.7543	
0.0736654	1.99991	1.67377	
0.0882104	1.99992	1.09837	
0.0584492	1.99986	3.65433	
0.0753669	1.99991	1.57729	
0.0880482	1.99992	1.1026	
0.0706089	1.9999	1.88007	
0.0626276	1.99988	2.76543	
0.0752999	1.99991	1.58088	
0.0769919	1.99991	1.49495	
0.0864399	1.99992	1.14641	
0.0573807	1.99985	3.9771	
0.0604095	1.99987	3.17724	
0.0694824	1.9999	1.96941	
0.06999	1.9999	1.92814	
0.0734927	1.99991	1.68422	
0.0763448	1.99991	1.52669	
0.0632304	1.99988	2.67099	
0.0773252	1.99991	1.4791	
0.0618164	1.99988	2.90334	
0.0765346	1.99991	1.51724	
0.0644696	1.99989	2.49544	
0.0634389	1.99989	2.63978	
0.0631594	1.99988	2.68178	
0.0735184	1.99991	1.68266	
0.0870104	1.99992	1.13048	
0.0765865	1.99991	1.51468	
0.0843739	1.99992	1.20805	
0.0689613	1.9999	2.01365	
0.0874334	1.99992	1.11895	
0.0707176	1.9999	1.87187	
0.0791183	1.99991	1.39929	
0.0782553	1.99991	1.4366	
0.0896173	1.99992	1.06297	
0.0571556	1.99985	4.05213	
0.0763045	1.99991	1.52871	
0.0849932	1.99992	1.18889	
0.0599699	1.99987	3.27341	
0.064811	1.99989	2.45099	
0.061967	1.99988	2.87674	
0.0856015	1.99992	1.17065	
0.0780599	1.99991	1.44533	
0.0767169	1.99991	1.50827	
0.0836407	1.99992	1.23154	
0.0664929	1.99989	2.253	
0.0768252	1.99991	1.503	
0.0619257	1.99988	2.88399	
0.0781304	1.99991	1.44217	
0.0729615	1.99991	1.7172	
0.08	1.99992	1.3631	
0.0617676	1.99988	2.91208	
0.0627193	1.99988	2.75065	
0.082405	1.99992	1.27326	
0.0838179	1.99992	1.22578	
0.0804044	1.99992	1.34712	
0.0757008	1.99991	1.55965	
0.057497	1.99985	3.93935	
0.0602227	1.99987	3.21743	
0.0744988	1.99991	1.62509	
0.057644	1.99985	3.8926	
0.0798772	1.99992	1.36803	
0.0703304	1.9999	1.9014	
0.0589321	1.99986	3.52444	
0.0781465	1.99991	1.44145	
0.0738855	1.99991	1.66064	
0.0846689	1.99992	1.19884	
0.0888066	1.99992	1.08309	
0.0808163	1.99992	1.33123	
0.0580202	1.99986	3.77769	
0.0654868	1.99989	2.36746	
0.0699422	1.9999	1.93195	
0.0826996	1.99992	1.26306	
0.0716895	1.99991	1.80161	
0.0642068	1.99989	2.53075	
0.0788817	1.99991	1.40933	
0.0760986	1.99991	1.53913	
0.0665236	1.99989	2.24968	
0.0701265	1.9999	1.91733	
0.0682578	1.9999	2.07658	
0.0625471	1.99988	2.77855	
0.0586516	1.99986	3.59878	
0.0819357	1.99992	1.28986	
0.0781218	1.99991	1.44255	
0.0720385	1.99991	1.77764	
0.0897648	1.99992	1.05939	
0.0643312	1.99989	2.51392	
0.0788812	1.99991	1.40935	
0.0873302	1.99992	1.12174	
0.0710857	1.9999	1.84463	
0.0628754	1.99988	2.72583	
0.0770251	1.99991	1.49335	
0.085454	1.99992	1.17502	
0.068999	1.9999	2.01038	
0.0803027	1.99992	1.35111	
0.0831991	1.99992	1.24613	
0.0845572	1.99992	1.20231	
0.0847686	1.99992	1.19576	
0.0661379	1.99989	2.29212	
0.0859444	1.99992	1.16061	
0.0717283	1.99991	1.79892	
0.0742903	1.99991	1.637	
0.0804266	1.99992	1.34626	
0.0846377	1.99992	1.19981	
0.074746	1.99991	1.61119	
0.0737515	1.99991	1.6686	
0.0719539	1.99991	1.7834	
0.0712846	1.9999	1.83024	
0.0763121	1.99991	1.52833	
0.073888	1.99991	1.66049	
0.061113	1.99988	3.03428	
0.0618461	1.99988	2.89806	
0.0792341	1.99991	1.39442	
0.0664586	1.99989	2.25672	
0.0815182	1.99992	1.30498	
0.0776656	1.99991	1.46326	
0.0723698	1.99991	1.75546	
0.0786153	1.99991	1.4208	
0.083961	1.99992	1.22117	
0.0858835	1.99992	1.16238	
0.08971	1.99992	1.06072	
0.080204	1.99992	1.355	
0.0813254	1.99992	1.31209	
0.0874465	1.99992	1.1186	
0.0729101	1.99991	1.72045	
0.0641826	1.99989	2.53405	
0.0653362	1.99989	2.38558	
0.0644817	1.99989	2.49384	
0.0769672	1.99991	1.49613	
0.0789104	1.99991	1.4081	
0.0792639	1.99991	1.39318	
0.0804145	1.99992	1.34673	
0.0762058	1.99991	1.53369	
0.0851337	1.99992	1.18463	
0.0800841	1.99992	1.35975	
0.0763891	1.99991	1.52448	
0.0709035	1.9999	1.85802	
0.0754203	1.99991	1.57445	
0.0857788	1.99992	1.16544	
0.061322	1.99988	2.9942	
0.0695207	1.9999	1.96624	
0.0799683	1.99992	1.36437	
0.0683051	1.9999	2.07222	
0.0679245	1.9999	2.10778	
0.0848205	1.99992	1.19417	
0.0829725	1.99992	1.25376	
0.0681163	1.9999	2.08971	
0.0780302	1.99991	1.44666	
0.087304	1.99992	1.12245	
0.0603098	1.99987	3.19857	
0.0844418	1.99992	1.20591	
0.0801018	1.99992	1.35905	
0.0668494	1.9999	2.21502	
0.0895705	1.99992	1.06411	
0.065441	1.99989	2.37295	
0.0794804	1.99991	1.3842	
