# Values[KATPase].InitialValue	Values[ATP consumption flux/ Pyruvate flux ]	Values[ATP/ADP ratio]	
0.0260761	0.834171	2.89872	
0.0298353	0.893744	2.29244	
0.0267136	0.845457	2.78202	
0.0434609	1.01095	1.17737	
0.0351463	0.953706	1.7082	
0.0338478	0.941206	1.82771	
0.0435305	1.01131	1.17417	
0.0436954	1.01214	1.16666	
0.0269306	0.849185	2.74365	
0.0280758	0.867907	2.55239	
0.0220415	0.750405	3.78945	
0.0248182	0.810376	3.14745	
0.0369145	0.968884	1.5648	
0.0299524	0.895344	2.2765	
0.0250911	0.815713	3.09135	
0.0288496	0.87969	2.43326	
0.0375856	0.974145	1.51552	
0.0215305	0.738235	3.92221	
0.0327494	0.929625	1.93952	
0.036921	0.968936	1.56431	
0.0439987	1.01365	1.15307	
0.035791	0.959473	1.6535	
0.0223053	0.756551	3.72272	
0.0368126	0.968062	1.57251	
0.0235386	0.78403	3.42693	
0.033152	0.933983	1.89732	
0.0380546	0.977672	1.48262	
0.0384572	0.980606	1.45533	
0.0333912	0.936509	1.87293	
0.0394545	0.987521	1.39131	
0.0427658	1.00733	1.21017	
0.0326037	0.928015	1.95515	
0.0441371	1.01433	1.14696	
0.0323692	0.925385	1.98072	
0.0229468	0.7711	3.56557	
0.0337402	0.940113	1.83821	
0.0335615	0.93828	1.85585	
0.0325395	0.9273	1.96209	
0.0300121	0.896157	2.26841	
0.0367909	0.967886	1.57416	
0.0317314	0.917989	2.05291	
0.0317977	0.918775	2.04522	
0.0241101	0.796067	3.29872	
0.0248943	0.811875	3.13169	
0.0316665	0.917216	2.06048	
0.0350542	0.95286	1.71626	
0.0217501	0.743509	3.86458	
0.0312164	0.911747	2.11416	
0.0323033	0.924637	1.988	
0.0355815	0.95763	1.67095	
0.0426259	1.00658	1.21697	
0.0368851	0.968647	1.56701	
0.0226681	0.764848	3.63296	
0.0213294	0.733348	3.97573	
0.023216	0.777042	3.50174	
0.0321681	0.923092	2.00306	
0.0217229	0.74286	3.87167	
0.0346281	0.948864	1.75435	
0.0352902	0.955017	1.69574	
0.0360019	0.9613	1.63622	
0.0318854	0.919808	2.03512	
0.0232316	0.777383	3.49808	
0.0271861	0.853498	2.69938	
0.0299317	0.895063	2.2793	
0.0325772	0.92772	1.95801	
0.0395984	0.988479	1.38247	
0.0410114	0.997392	1.30061	
0.0368075	0.968021	1.57289	
0.0360186	0.961443	1.63487	
0.0256938	0.827155	2.97168	
0.0286669	0.876969	2.46068	
0.0316647	0.917194	2.06069	
0.0411107	0.997986	1.29517	
0.042789	1.00745	1.20905	
0.0296182	0.890738	2.32244	
0.0396789	0.98901	1.37757	
0.0213344	0.733472	3.97438	
0.0423693	1.00518	1.22961	
0.0311059	0.910375	2.12766	
0.0326276	0.92828	1.95257	
0.0235947	0.785232	3.41408	
0.0444578	1.01588	1.13302	
0.0289249	0.880802	2.42207	
0.0329954	0.932304	1.91356	
0.0437388	1.01236	1.1647	
0.0262345	0.837023	2.86915	
0.0305394	0.90316	2.1989	
0.0238963	0.791615	3.34604	
0.0309363	0.908247	2.14863	
0.0292279	0.885208	2.3778	
0.0295439	0.889698	2.33283	
0.0376806	0.974869	1.50876	
0.041455	1.00002	1.27664	
0.0389936	0.984386	1.42029	
0.0400858	0.991653	1.35324	
0.0375432	0.973821	1.51856	
0.0260181	0.833119	2.90964	
0.0337706	0.940423	1.83523	
0.0449667	1.01827	1.11153	
0.0267589	0.84624	2.77395	
0.0406704	0.99532	1.31958	
0.0279374	0.865726	2.57455	
0.0289521	0.881201	2.41805	
0.0428723	1.00789	1.20504	
0.042153	1.00399	1.24046	
0.0313849	0.913817	2.09382	
0.0384452	0.98052	1.45613	
0.0431155	1.00917	1.19347	
0.0411665	0.998319	1.29214	
0.0339975	0.94271	1.81326	
0.0422352	1.00444	1.23632	
0.0341609	0.944333	1.79769	
0.0309301	0.90817	2.1494	
0.0215269	0.738147	3.92316	
0.0271481	0.852861	2.70591	
0.0383155	0.979583	1.46484	
0.0400532	0.991444	1.35516	
0.0261874	0.836178	2.87791	
0.0334234	0.936846	1.86967	
0.0239466	0.792669	3.33482	
0.0310986	0.910285	2.12855	
0.0265349	0.842345	2.81411	
0.0317125	0.917764	2.05511	
0.0244649	0.80332	3.2219	
0.0271546	0.85297	2.70479	
0.0244515	0.803049	3.22476	
0.0246029	0.806097	3.19256	
0.043309	1.01018	1.1844	
0.0249954	0.813853	3.11088	
0.0337054	0.939758	1.84162	
0.0231657	0.775938	3.51358	
0.0381843	0.978627	1.47374	
0.0346864	0.949418	1.74905	
0.0344233	0.946898	1.77314	
0.0356587	0.958312	1.66448	
0.0445155	1.01615	1.13055	
0.0436544	1.01193	1.16852	
0.0402543	0.992725	1.34338	
0.0300941	0.897263	2.25741	
0.0377378	0.975303	1.50471	
0.0273608	0.856401	2.66965	
0.024571	0.805458	3.19931	
0.0291014	0.883381	2.39614	
0.0297911	0.893136	2.29851	
0.0414767	1.00014	1.27548	
0.0283031	0.871438	2.51659	
0.0280313	0.867207	2.5595	
0.0283317	0.871879	2.51213	
0.0230638	0.773695	3.53766	
0.0332241	0.93475	1.88991	
0.0324812	0.926647	1.96844	
0.0440632	1.01397	1.15021	
0.0314302	0.914369	2.0884	
0.0320456	0.921677	2.01686	
0.0404102	0.993706	1.33438	
0.0322862	0.924443	1.98989	
0.0273086	0.855538	2.67849	
0.024313	0.800236	3.25452	
0.0225905	0.763089	3.65195	
0.0240804	0.795452	3.30525	
0.0425476	1.00615	1.2208	
0.0360182	0.96144	1.63489	
0.0348426	0.950891	1.735	
0.0308468	0.907113	2.15982	
0.0268712	0.84817	2.75409	
0.0357069	0.958736	1.66047	
0.0310606	0.90981	2.13323	
0.0429343	1.00822	1.20207	
0.028365	0.872391	2.50695	
0.027172	0.853262	2.7018	
0.0303967	0.901291	2.21742	
0.0231812	0.77628	3.50991	
0.0333281	0.935848	1.87931	
0.0275196	0.859008	2.64301	
0.0271753	0.853316	2.70124	
0.0331241	0.933685	1.9002	
0.0438211	1.01277	1.16099	
0.0404377	0.993878	1.3328	
0.0402699	0.992824	1.34248	
0.0396669	0.988931	1.3783	
0.0269118	0.848864	2.74696	
0.040142	0.992012	1.34994	
0.0425049	1.00592	1.2229	
0.0220132	0.749741	3.79667	
0.0223618	0.757856	3.70858	
0.0426346	1.00662	1.21654	
0.0424356	1.00555	1.22632	
0.0411303	0.998103	1.29411	
0.0357522	0.959134	1.6567	
0.0349901	0.952266	1.7219	
0.026474	0.841276	2.82516	
0.0322478	0.924005	1.99416	
0.0302481	0.899325	2.23692	
0.0241209	0.796292	3.29634	
0.0361386	0.962468	1.62518	
0.0320648	0.9219	2.01468	
0.0349122	0.951542	1.7288	
0.0253589	0.820856	3.03746	
0.0259706	0.832255	2.91862	
0.0346259	0.948843	1.75455	
