# Values[KATPase].InitialValue	Values[ATP consumption flux/ Pyruvate flux ]	Values[ATP/ADP ratio]	
15.3581	1.91861	2.08884	
16.8527	1.9191	1.6196	
19.3334	1.91685	1.13268	
14.0539	1.91608	2.66334	
17.2044	1.91897	1.53223	
19.8706	1.91606	1.05822	
19.1066	1.91715	1.16675	
15.5754	1.91881	2.00929	
18.2077	1.91821	1.31978	
14.5519	1.91735	2.42352	
19.9788	1.91589	1.04421	
19.5256	1.91657	1.10506	
14.8025	1.91784	2.31254	
14.4667	1.91716	2.46272	
13.85	1.91543	2.7689	
17.3626	1.91888	1.49529	
15.8389	1.91899	1.9184	
14.9747	1.91812	2.24	
17.5713	1.91875	1.44867	
14.3681	1.91693	2.50904	
12.8273	1.91079	3.35835	
17.999	1.9184	1.35997	
19.4636	1.91666	1.11384	
18.3413	1.91807	1.29505	
14.612	1.91747	2.39633	
16.65	1.91914	1.67349	
13.447	1.91389	2.98976	
17.3081	1.91891	1.50788	
16.5751	1.91915	1.69407	
19.1207	1.91714	1.16458	
17.4657	1.91882	1.47198	
18.2364	1.91818	1.3144	
13.8822	1.91553	2.75193	
19.053	1.91723	1.17505	
16.0772	1.91909	1.84123	
12.0559	1.9055	3.85634	
17.8005	1.91858	1.40003	
15.2735	1.91852	2.12098	
16.1273	1.9191	1.8256	
16.0539	1.91908	1.84858	
14.3617	1.91691	2.51206	
14.9344	1.91806	2.25671	
19.7157	1.91629	1.07883	
13.3263	1.91336	3.05895	
15.4332	1.91868	2.06087	
17.5001	1.9188	1.46432	
19.5986	1.91647	1.09486	
15.4538	1.9187	2.05327	
14.0172	1.91597	2.68199	
14.9242	1.91804	2.26094	
14.2696	1.91668	2.55631	
12.7351	1.91024	3.4158	
17.3911	1.91886	1.4888	
14.5794	1.91741	2.41104	
15.6437	1.91886	1.98514	
13.8643	1.91547	2.76136	
18.7026	1.91766	1.23176	
14.2712	1.91668	2.55554	
19.6741	1.91636	1.08449	
17.7729	1.9186	1.40575	
13.5309	1.91424	2.9425	
17.2525	1.91894	1.52085	
12.7709	1.91046	3.39343	
12.9763	1.91162	3.26679	
16.5601	1.91915	1.69825	
16.4628	1.91915	1.72569	
15.211	1.91844	2.14516	
19.598	1.91647	1.09494	
18.503	1.91789	1.26608	
13.7744	1.91516	2.80909	
13.0448	1.91199	3.22531	
18.858	1.91747	1.20607	
19.0277	1.91726	1.179	
18.5721	1.91782	1.25403	
14.6363	1.91752	2.38545	
18.2651	1.91815	1.30906	
14.5782	1.9174	2.41159	
16.8797	1.91909	1.61263	
16.4081	1.91915	1.7414	
14.9176	1.91803	2.2637	
13.8618	1.91547	2.76265	
13.9164	1.91565	2.73405	
16.7713	1.91912	1.64092	
12.7892	1.91057	3.38202	
15.7438	1.91893	1.95051	
16.6993	1.91913	1.66013	
16.7042	1.91913	1.65882	
19.6973	1.91632	1.08133	
13.4508	1.91391	2.98761	
13.4423	1.91387	2.99246	
18.6883	1.91768	1.23417	
16.746	1.91913	1.64762	
19.5356	1.91656	1.10365	
17.143	1.919	1.54695	
14.5843	1.91742	2.40883	
17.5428	1.91877	1.45489	
13.7594	1.91511	2.81715	
18.4731	1.91793	1.27136	
14.4179	1.91705	2.48552	
17.9947	1.91841	1.36081	
17.8287	1.91855	1.39423	
14.2028	1.9165	2.58893	
19.6179	1.91644	1.09219	
14.7292	1.9177	2.34436	
19.4453	1.91669	1.11646	
12.3619	1.9078	3.65439	
13.3003	1.91324	3.07403	
18.4389	1.91797	1.27743	
13.3089	1.91328	3.06907	
17.6497	1.91869	1.43172	
12.3312	1.90758	3.67445	
14.8536	1.91792	2.29072	
13.2471	1.91299	3.10507	
13.6678	1.91477	2.86682	
18.822	1.91752	1.21194	
15.6459	1.91886	1.98437	
14.3694	1.91693	2.5084	
12.9573	1.91152	3.27839	
17.0125	1.91905	1.57897	
15.2039	1.91843	2.14793	
15.1263	1.91833	2.17854	
13.1111	1.91233	3.18553	
17.7315	1.91863	1.41439	
17.3936	1.91886	1.48822	
14.4027	1.91701	2.49264	
14.7391	1.91772	2.34004	
19.1908	1.91704	1.15391	
15.6075	1.91883	1.99789	
16.4569	1.91915	1.7274	
17.0526	1.91903	1.56904	
15.4318	1.91868	2.06136	
19.8475	1.91609	1.06124	
19.3415	1.91683	1.13148	
17.1283	1.919	1.55053	
16.1142	1.9191	1.82966	
17.6574	1.91869	1.43008	
16.7482	1.91912	1.64703	
13.3494	1.91346	3.04563	
15.7278	1.91892	1.95598	
14.5251	1.91729	2.43579	
19.9425	1.91595	1.04887	
14.8682	1.91795	2.28451	
12.9795	1.91164	3.26486	
14.4471	1.91712	2.47187	
18.6113	1.91777	1.24727	
15.6371	1.91886	1.98745	
16.0624	1.91908	1.84588	
19.6833	1.91634	1.08322	
14.9898	1.91814	2.23376	
15.0534	1.91823	2.2078	
17.6484	1.91869	1.43201	
14.6917	1.91763	2.36083	
12.3163	1.90748	3.68418	
12.4352	1.90831	3.60686	
16.9084	1.91908	1.60526	
19.9239	1.91598	1.05127	
18.2457	1.91817	1.31267	
19.7959	1.91617	1.06808	
13.1497	1.91252	3.16254	
13.8653	1.91548	2.76085	
14.4681	1.91716	2.4621	
16.9196	1.91908	1.6024	
14.8611	1.91794	2.28751	
19.8481	1.91609	1.06116	
17.8219	1.91856	1.39563	
15.6928	1.9189	1.96805	
16.1016	1.9191	1.83358	
19.8107	1.91615	1.06611	
17.661	1.91868	1.42932	
18.8738	1.91745	1.20351	
17.0263	1.91904	1.57554	
18.2276	1.91819	1.31604	
13.735	1.91502	2.8303	
13.9295	1.91569	2.72724	
14.2694	1.91668	2.55637	
16.8222	1.91911	1.62754	
16.3765	1.91915	1.75059	
12.5183	1.90887	3.55331	
19.8818	1.91604	1.05675	
14.1657	1.9164	2.60726	
16.7834	1.91912	1.63772	
13.8841	1.91554	2.75097	
18.6681	1.9177	1.23759	
15.5101	1.91875	2.03275	
19.3921	1.91676	1.12412	
14.5603	1.91737	2.41968	
19.068	1.91721	1.17272	
13.5395	1.91427	2.93772	
18.9787	1.91732	1.18671	
12.1687	1.90638	3.78131	
13.6991	1.91489	2.84973	
12.7758	1.91049	3.39039	
12.6709	1.90985	3.45619	
18.3943	1.91801	1.28545	
16.415	1.91915	1.73943	
19.2554	1.91695	1.14421	
13.1779	1.91266	3.14582	
15.3729	1.91862	2.08329	
18.0207	1.91839	1.3557	
18.1637	1.91825	1.3281	
