# Values[ATP/ADP ratio]	Values[(2GAPDH+GAPN)/PYK]	Values[GAPDH/(GAPDH +PGK)]	Values[GAPN/(GAPDH +PGK)]	
3.50643	0.986222	-0.0137782	1.01378	
2.06739	0.997025	-0.00297497	1.00297	
1.37951	1.0003	0.000299936	0.9997	
9.39327	0.580904	-0.419096	1.4191	
9.84679	0.527188	-0.472812	1.47281	
8.46633	0.688768	-0.311232	1.31123	
4.68153	0.968406	-0.0315943	1.03159	
1.61335	0.999276	-0.000724038	1.00072	
10.1452	0.491652	-0.508348	1.50835	
10.2174	0.483029	-0.516971	1.51697	
2.95933	0.991199	-0.00880101	1.0088	
3.44437	0.98686	-0.0131404	1.01314	
4.17348	0.977733	-0.0222671	1.02227	
5.20683	0.954517	-0.0454829	1.04548	
2.2043	0.996266	-0.00373353	1.00373	
9.18612	0.60528	-0.39472	1.39472	
10.1553	0.490445	-0.509555	1.50955	
1.78846	0.998452	-0.00154783	1.00155	
1.51134	0.999733	-0.000267214	1.00027	
5.76057	0.932598	-0.0674018	1.0674	
5.19763	0.954809	-0.0451905	1.04519	
10.5615	0.441873	-0.558127	1.55813	
8.04348	0.736425	-0.263575	1.26358	
2.85504	0.992005	-0.0079954	1.008	
2.04765	0.997131	-0.00286894	1.00287	
7.55063	0.789679	-0.210321	1.21032	
6.29486	0.901532	-0.0984676	1.09847	
1.70872	0.998834	-0.00116629	1.00117	
7.16411	0.828716	-0.171284	1.17128	
6.27901	0.902612	-0.0973877	1.09739	
1.80052	0.998393	-0.00160651	1.00161	
7.18248	0.826932	-0.173068	1.17307	
2.28816	0.995781	-0.00421912	1.00422	
2.15247	0.996558	-0.00344155	1.00344	
1.34246	1.00045	0.000454833	0.999545	
2.95994	0.991194	-0.00880587	1.00881	
7.70202	0.773661	-0.226339	1.22634	
5.7461	0.933292	-0.0667075	1.06671	
4.36208	0.974634	-0.0253665	1.02537	
2.61166	0.993741	-0.00625906	1.00626	
6.8904	0.854256	-0.145744	1.14574	
3.49535	0.986337	-0.0136628	1.01366	
2.22906	0.996125	-0.00387522	1.00388	
3.61405	0.985063	-0.0149366	1.01494	
5.49883	0.944091	-0.0559092	1.05591	
2.45955	0.994735	-0.00526501	1.00527	
2.77393	0.992605	-0.00739534	1.0074	
8.4121	0.694954	-0.305046	1.30505	
2.36562	0.995317	-0.00468257	1.00468	
2.37053	0.995288	-0.00471245	1.00471	
6.22587	0.906159	-0.0938408	1.09384	
7.99816	0.741441	-0.258559	1.25856	
2.88856	0.99175	-0.00825003	1.00825	
1.3871	1.00027	0.000267966	0.999732	
9.94345	0.515689	-0.484311	1.48431	
10.5822	0.439402	-0.560598	1.5606	
4.50212	0.97207	-0.0279304	1.02793	
8.82938	0.646938	-0.353062	1.35306	
5.71299	0.934855	-0.0651452	1.06515	
6.58799	0.879841	-0.120159	1.12016	
7.93811	0.748057	-0.251943	1.25194	
1.52108	0.99969	-0.000310151	1.00031	
8.9037	0.638298	-0.361702	1.3617	
1.47275	0.999901	-9.8567e-005	1.0001	
2.12832	0.996693	-0.0033075	1.00331	
1.45217	0.999991	-9.49241e-006	1.00001	
7.69149	0.774786	-0.225214	1.22521	
9.78839	0.534126	-0.465874	1.46587	
1.66282	0.999048	-0.000951571	1.00095	
2.12578	0.996707	-0.00329349	1.00329	
5.10433	0.957666	-0.0423342	1.04233	
2.96916	0.991121	-0.00887903	1.00888	
3.26931	0.98855	-0.0114499	1.01145	
1.74268	0.998673	-0.00132742	1.00133	
7.02692	0.841771	-0.158229	1.15823	
4.50123	0.972087	-0.0279132	1.02791	
7.60128	0.784359	-0.215641	1.21564	
7.36888	0.808406	-0.191594	1.19159	
8.22479	0.716162	-0.283838	1.28384	
10.2509	0.479033	-0.520967	1.52097	
6.16923	0.90982	-0.0901803	1.09018	
2.90139	0.991651	-0.00834856	1.00835	
3.67786	0.984343	-0.0156568	1.01566	
1.35952	1.00038	0.000383772	0.999616	
7.26271	0.819051	-0.180949	1.18095	
3.5399	0.985869	-0.0141312	1.01413	
10.3222	0.470505	-0.529495	1.52949	
1.29187	1.00066	0.00066331	0.999337	
2.23145	0.996111	-0.00388897	1.00389	
6.15048	0.911004	-0.0889962	1.089	
9.53788	0.563822	-0.436178	1.43618	
1.63569	0.999174	-0.000826293	1.00083	
8.63732	0.669152	-0.330848	1.33085	
9.4829	0.570322	-0.429678	1.42968	
7.96825	0.744741	-0.255259	1.25526	
10.3739	0.464328	-0.535672	1.53567	
5.94922	0.922859	-0.0771405	1.07714	
4.70001	0.968002	-0.0319982	1.032	
8.99532	0.627617	-0.372383	1.37238	
5.27611	0.952247	-0.0477532	1.04775	
6.81479	0.860933	-0.139067	1.13907	
8.11019	0.729003	-0.270997	1.271	
1.51472	0.999718	-0.000282072	1.00028	
7.11341	0.833596	-0.166404	1.1664	
2.44418	0.994832	-0.00516813	1.00517	
2.1252	0.99671	-0.00329031	1.00329	
2.23145	0.996111	-0.00388897	1.00389	
1.87745	0.998013	-0.00198699	1.00199	
6.67654	0.872668	-0.127332	1.12733	
10.1767	0.487892	-0.512108	1.51211	
9.66281	0.549028	-0.450972	1.45097	
8.39485	0.696917	-0.303083	1.30308	
2.79861	0.992424	-0.00757559	1.00758	
8.44122	0.691635	-0.308365	1.30837	
7.97067	0.744475	-0.255525	1.25553	
8.44586	0.691106	-0.308894	1.30889	
9.66572	0.548683	-0.451317	1.45132	
9.82392	0.529906	-0.470094	1.47009	
6.81463	0.860947	-0.139053	1.13905	
5.81783	0.929778	-0.0702225	1.07022	
1.4297	1.00009	8.70014e-005	0.999913	
6.99566	0.844676	-0.155324	1.15532	
5.80136	0.930601	-0.0693991	1.0694	
8.34116	0.703016	-0.296984	1.29698	
3.39628	0.98734	-0.0126604	1.01266	
7.52	0.792876	-0.207124	1.20712	
10.1934	0.485897	-0.514103	1.5141	
2.01379	0.997311	-0.00268889	1.00269	
7.87238	0.755253	-0.244747	1.24475	
1.67038	0.999013	-0.000986682	1.00099	
2.57384	0.993994	-0.00600573	1.00601	
7.40519	0.804713	-0.195287	1.19529	
10.1445	0.491732	-0.508268	1.50827	
1.69024	0.998921	-0.00107939	1.00108	
2.4387	0.994866	-0.00513374	1.00513	
7.22183	0.823085	-0.176915	1.17692	
4.22812	0.976873	-0.0231265	1.02313	
8.44105	0.691654	-0.308346	1.30835	
2.39707	0.995125	-0.00487504	1.00488	
8.10395	0.729699	-0.270301	1.2703	
6.01313	0.919262	-0.0807376	1.08074	
9.18593	0.605302	-0.394698	1.3947	
7.03251	0.841248	-0.158752	1.15875	
2.152	0.996561	-0.00343892	1.00344	
8.67561	0.664738	-0.335262	1.33526	
2.07563	0.996981	-0.00301947	1.00302	
1.42889	1.00009	9.04627e-005	0.99991	
9.74717	0.539022	-0.460978	1.46098	
4.03077	0.979843	-0.0201569	1.02016	
2.53473	0.994252	-0.00574816	1.00575	
7.76968	0.766394	-0.233606	1.23361	
1.77458	0.998519	-0.00148064	1.00148	
6.20199	0.907718	-0.092282	1.09228	
9.05124	0.621083	-0.378917	1.37892	
4.85093	0.964494	-0.0355055	1.03551	
2.42342	0.994962	-0.00503822	1.00504	
4.84119	0.964732	-0.0352676	1.03527	
3.54538	0.98581	-0.0141896	1.01419	
1.94884	0.99765	-0.00234999	1.00235	
8.40971	0.695227	-0.304773	1.30477	
6.50534	0.886284	-0.113716	1.11372	
6.8981	0.853566	-0.146434	1.14643	
5.39689	0.947994	-0.0520059	1.05201	
5.43047	0.946741	-0.0532588	1.05326	
3.45044	0.986798	-0.0132018	1.0132	
1.53559	0.999626	-0.000374338	1.00037	
7.55078	0.789663	-0.210337	1.21034	
8.9155	0.636925	-0.363075	1.36308	
2.62001	0.993684	-0.00631555	1.00632	
1.93589	0.997717	-0.00228344	1.00228	
